627630280048895708603525310834968405547852870273645743902582444892
793725681166326447588371152780625032998469024984681980064858008304
010758471033268759656218507364042228679923993261579710597471085709
548734282035130747714187501217687430715601622996583258913777972497385436277762987822950550026047713610836370909001042153691548863233
924075698797412259860359192030687492675560036186535433044468191515
469574185196007108994401531930012857410766275705479064815275136647
552912187721278548966510173375589858031798440296387373818700012073
782419316201139920054742403444083623972627576590119091451301321713
205098806483202478337058378932410905244971718685732723978300002079
177780450393043987506866268767067880291426978481702256708806949623
111140790895331390239852965505608222859871588236577946990246567571
569918722565587824066859954749621815929788160106192319556214393269
332464421926656461704293422789337117983238964289528540126387534264
046801737892592148358011127805504425419838226556739594643180330430
4326865077742925818757370691726168228648841319231470626
