matriz---
1 1 1 1 1 1 1 15953338115043 
1 2 4 8 16 32 64 16566230961766 
1 3 9 27 81 243 729 17198620928481 
1 4 16 64 256 1024 4096 17851001073144 
1 5 25 125 625 3125 15625 18523873746703 
1 6 36 216 1296 7776 46656 19217750709138 
1 7 49 343 2401 16807 117649 19933153246221 
fin matriz---
15290035593180 663302521863 0 0 0 0 0 
This is a smart sequence!
matriz---
1 1 1 1 1 1 1 303 
1 2 4 8 16 32 64 2098 
1 3 9 27 81 243 729 9261 
1 4 16 64 256 1024 4096 30516 
1 5 25 125 625 3125 15625 82459 
1 6 36 216 1296 7776 46656 193278 
1 7 49 343 2401 16807 117649 407193 
fin matriz---
18446744073709484104 67815 0 0 0 0 0 
This is a smart sequence!
matriz---
1 1 1 1 1 1 1 1433031 
1 2 4 8 16 32 64 2463594 
1 3 9 27 81 243 729 4048453 
1 4 16 64 256 1024 4096 6403788 
1 5 25 125 625 3125 15625 9803571 
1 6 36 216 1296 7776 46656 14589046 
1 7 49 343 2401 16807 117649 21178929 
fin matriz---
18446744073707693664 3290983 0 0 0 0 0 
This is a smart sequence!
matriz---
1 1 1 1 1 1 1 41900383 
1 2 4 8 16 32 64 57358626 
1 3 9 27 81 243 729 77300061 
1 4 16 64 256 1024 4096 102708964 
1 5 25 125 625 3125 15625 134723403 
1 6 36 216 1296 7776 46656 174650478 
1 7 49 343 2401 16807 117649 223982281 
fin matriz---
11553400 30346983 0 0 0 0 0 
This is a smart sequence!
matriz---
1 1 1 1 1 1 1 357854199 
1 2 4 8 16 32 64 446457178 
1 3 9 27 81 243 729 552627573 
1 4 16 64 256 1024 4096 679047036 
1 5 25 125 625 3125 15625 828693091 
1 6 36 216 1296 7776 46656 1004860134 
1 7 49 343 2401 16807 117649 1211181153 
fin matriz---
215633040 142221159 0 0 0 0 0 
This is a smart sequence!
matriz---
1 1 1 1 1 1 1 1730645391 
1 2 4 8 16 32 64 2052953106 
1 3 9 27 81 243 729 2423792269 
1 4 16 64 256 1024 4096 2848839828 
1 5 25 125 625 3125 15625 3334256763 
1 6 36 216 1296 7776 46656 3886714846 
1 7 49 343 2401 16807 117649 4513424121 
fin matriz---
1266848936 463796455 0 0 0 0 0 
This is a smart sequence!
matriz---
1 1 1 1 1 1 1 6021297703 
1 2 4 8 16 32 64 6919830858 
1 3 9 27 81 243 729 7927412901 
1 4 16 64 256 1024 4096 9054382636 
1 5 25 125 625 3125 15625 10311797139 
1 6 36 216 1296 7776 46656 11711464278 
1 7 49 343 2401 16807 117649 13265975953 
fin matriz---
4813851328 1207446375 0 0 0 0 0 
This is a smart sequence!
matriz---
1 1 1 1 1 1 1 16894025151 
1 2 4 8 16 32 64 18996975874 
1 3 9 27 81 243 729 21313669053 
1 4 16 64 256 1024 4096 23861140548 
1 5 25 125 625 3125 15625 26657424811 
1 6 36 216 1296 7776 46656 29721593166 
1 7 49 343 2401 16807 117649 33073792809 
fin matriz---
14197397208 2696627943 0 0 0 0 0 
This is a smart sequence!
matriz---
1 1 1 1 1 1 1 40728493143 
1 2 4 8 16 32 64 45077028666 
1 3 9 27 81 243 729 49805748181 
1 4 16 64 256 1024 4096 54940788444 
1 5 25 125 625 3125 15625 60509611203 
1 6 36 216 1296 7776 46656 66541047238 
1 7 49 343 2401 16807 117649 73065341121 
fin matriz---
35339018480 5389474663 0 0 0 0 0 
This is a smart sequence!
matriz---
1 1 1 1 1 1 1 87720823279 
1 2 4 8 16 32 64 95919982578 
1 3 9 27 81 243 729 104748036333 
1 4 16 64 256 1024 4096 114242994676 
1 5 25 125 625 3125 15625 124444565211 
1 6 36 216 1296 7776 46656 135394202814 
1 7 49 343 2401 16807 117649 147135160153 
fin matriz---
77818433800 9902389479 0 0 0 0 0 
This is a smart sequence!
matriz---
1 1 1 1 1 1 1 173173341831 
1 2 4 8 16 32 64 187566525226 
1 3 9 27 81 243 729 202943052549 
1 4 16 64 256 1024 4096 219355948428 
1 5 25 125 625 3125 15625 236860353523 
1 6 36 216 1296 7776 46656 255513580086 
1 7 49 343 2401 16807 117649 275375168241 
fin matriz---
156139704096 17033637735 0 0 0 0 0 
This is a smart sequence!
matriz---
1 1 1 1 1 1 1 318973071903 
1 2 4 8 16 32 64 342840123618 
1 3 9 27 81 243 729 368177126941 
1 4 16 64 256 1024 4096 395055630756 
1 5 25 125 625 3125 15625 423549764619 
1 6 36 216 1296 7776 46656 453736300078 
1 7 49 343 2401 16807 117649 485694712713 
fin matriz---
291186131768 27786940135 0 0 0 0 0 
This is a smart sequence!
matriz---
1 1 1 1 1 1 1 555258969271 
1 2 4 8 16 32 64 593037852954 
1 3 9 27 81 243 729 632934822453 
1 4 16 64 256 1024 4096 675043829308 
1 5 25 125 625 3125 15625 719461916451 
1 6 36 216 1296 7776 46656 766289285286 
1 7 49 343 2401 16807 117649 815629363489 
fin matriz---
511863903568 43395065703 0 0 0 0 0 
This is a smart sequence!
matriz---
1 1 1 1 1 1 1 922277901903 
1 2 4 8 16 32 64 979809969106 
1 3 9 27 81 243 729 1040302100301 
1 4 16 64 256 1024 4096 1103874896724 
1 5 25 125 625 3125 15625 1170652607803 
1 6 36 216 1296 7776 46656 1240763203998 
1 7 49 343 2401 16807 117649 1314338450361 
fin matriz---
856934477160 65343424743 0 0 0 0 0 
This is a smart sequence!
matriz---
1 1 1 1 1 1 1 1472429373159 
1 2 4 8 16 32 64 1557228224778 
1 3 9 27 81 243 729 1646058229093 
1 4 16 64 256 1024 4096 1739071252716 
1 5 25 125 625 3125 15625 1836423413331 
1 6 36 216 1296 7776 46656 1938275158294 
1 7 49 343 2401 16807 117649 2044791343953 
fin matriz---
1377035711360 95393661799 0 0 0 0 0 
This is a smart sequence!
matriz---
1 1 1 1 1 1 1 2272498988671 
1 2 4 8 16 32 64 2394042929346 
1 3 9 27 81 243 729 2520956437629 
1 4 16 64 256 1024 4096 2653427629828 
1 5 25 125 625 3125 15625 2791649522283 
1 6 36 216 1296 7776 46656 2935820115726 
1 7 49 343 2401 16807 117649 3086142480361 
fin matriz---
2136891740056 135607248615 0 0 0 0 0 
This is a smart sequence!
matriz---
1 1 1 1 1 1 1 3406080666903 
1 2 4 8 16 32 64 3576128752378 
1 3 9 27 81 243 729 3753193311381 
1 4 16 64 256 1024 4096 3937504062876 
1 5 25 125 625 3125 15625 4129296320899 
1 6 36 216 1296 7776 46656 4328811084678 
1 7 49 343 2401 16807 117649 4536295129473 
fin matriz---
3217711589808 188369077095 0 0 0 0 0 
This is a smart sequence!
matriz---
1 1 1 1 1 1 1 4976187593391 
1 2 4 8 16 32 64 5209119270834 
1 3 9 27 81 243 729 5451066932653 
1 4 16 64 256 1024 4096 5702307622068 
1 5 25 125 625 3125 15625 5963124718491 
1 6 36 216 1296 7776 46656 6233808033406 
1 7 49 343 2401 16807 117649 6514653906969 
fin matriz---
4719776541128 256411052263 0 0 0 0 0 
This is a smart sequence!
matriz---
1 1 1 1 1 1 1 7108051918663 
1 2 4 8 16 32 64 7421230259946 
1 3 9 27 81 243 729 7745823764421 
1 4 16 64 256 1024 4096 8082162889804 
1 5 25 125 625 3125 15625 8430585217203 
1 6 36 216 1296 7776 46656 8791435552758 
1 7 49 343 2401 16807 117649 9165066030001 
fin matriz---
6765216233440 342835685223 0 0 0 0 0 
This is a smart sequence!
matriz---
1 1 1 1 1 1 1 9952113199839 
1 2 4 8 16 32 64 10366271727778 
1 3 9 27 81 243 729 10794694277853 
1 4 16 64 256 1024 4096 11237771181156 
1 5 25 125 625 3125 15625 11695900725451 
1 6 36 216 1296 7776 46656 12169489262574 
1 7 49 343 2401 16807 117649 12658951316553 
fin matriz---
9500973513720 451139686119 0 0 0 0 0 
This is a smart sequence!
matriz---
1 1 1 1 1 1 1 13687195585911 
1 2 4 8 16 32 64 14226848693466 
1 3 9 27 81 243 729 14784117323509 
1 4 16 64 256 1024 4096 15359458508028 
1 5 25 125 625 3125 15625 20670612286996 
1 6 36 216 1296 7776 46656 21430668521979 
1 7 49 343 2401 16807 117649 22213872522078 
fin matriz---
12266082763217 1421112822694 0 0 0 0 0 
This is a smart sequence!
matriz---
1 1 1 1 1 1 1 23851976221776 
1 2 4 8 16 32 64 24708027545511 
1 3 9 27 81 243 729 25589530125514 
1 4 16 64 256 1024 4096 26497085743653 
1 5 25 125 625 3125 15625 27431306790828 
1 6 36 216 1296 7776 46656 28392816390931 
1 7 49 343 2401 16807 117649 29382248525526 
fin matriz---
22930264171151 921712050625 0 0 0 0 0 
This is a smart sequence!
matriz---
1 1 1 1 1 1 1 31447471365928 
1 2 4 8 16 32 64 32524585455423 
1 3 9 27 81 243 729 33632269101186 
1 4 16 64 256 1024 4096 34771212468541 
1 5 25 125 625 3125 15625 35942117343684 
1 6 36 216 1296 7776 46656 37145697263403 
1 7 49 343 2401 16807 117649 38382677645518 
fin matriz---
30291603652663 1155867713265 0 0 0 0 0 
This is a smart sequence!
matriz---
1 1 1 1 1 1 1 40959801661056 
1 2 4 8 16 32 64 42301456719319 
1 3 9 27 81 243 729 43679535355578 
1 4 16 64 256 1024 4096 45094824374613 
1 5 25 125 625 3125 15625 46548123259996 
1 6 36 216 1296 7776 46656 48040244309571 
1 7 49 343 2401 16807 117649 49572012771654 
fin matriz---
39524433142623 1435368518433 0 0 0 0 0 
This is a smart sequence!
matriz---
1 1 1 1 1 1 1 52757858501208 
1 2 4 8 16 32 64 54413652253551 
1 3 9 27 81 243 729 56112526665586 
1 4 16 64 256 1024 4096 57855373806189 
1 5 25 125 625 3125 15625 59643099527028 
1 6 36 216 1296 7776 46656 61476623603803 
1 7 49 343 2401 16807 117649 63356879878206 
fin matriz---
50991354938375 1766503562833 0 0 0 0 0 
This is a smart sequence!
matriz---
1 1 1 1 1 1 1 67261395573424 
1 2 4 8 16 32 64 69287594295303 
1 3 9 27 81 243 729 71364404105898 
1 4 16 64 256 1024 4096 73492831331461 
1 5 25 125 625 3125 15625 75673897231116 
1 6 36 216 1296 7776 46656 77908638143859 
1 7 49 343 2401 16807 117649 80198105636278 
fin matriz---
65105277229615 2156118343809 0 0 0 0 0 
This is a smart sequence!
matriz---
1 1 1 1 1 1 1 84945503655816 
1 2 4 8 16 32 64 87405614793631 
1 3 9 27 81 243 729 89924814032994 
1 4 16 64 256 1024 4096 92504231319453 
1 5 25 125 625 3125 15625 95145012727588 
1 6 36 216 1296 7776 46656 97848320613771 
1 7 49 343 2401 16807 117649 100615333769646 
fin matriz---
82333865303511 2611638352305 0 0 0 0 0 
This is a smart sequence!
matriz---
1 1 1 1 1 1 1 106345274159328 
1 2 4 8 16 32 64 109310642544183 
1 3 9 27 81 243 729 112344598812826 
1 4 16 64 256 1024 4096 115448406260661 
1 5 25 125 625 3125 15625 118623345554364 
1 6 36 216 1296 7776 46656 121870714890403 
1 7 49 343 2401 16807 117649 125191830154278 
fin matriz---
103204181493503 3141092665825 0 0 0 0 0 
This is a smart sequence!
matriz---
1 1 1 1 1 1 1 132060651413176 
1 2 4 8 16 32 64 135611079067599 
1 3 9 27 81 243 729 139240696292178 
1 4 16 64 256 1024 4096 142950909831373 
1 5 25 125 625 3125 15625 146743145089236 
1 6 36 216 1296 7776 46656 150618846293691 
1 7 49 343 2401 16807 117649 154579476661534 
fin matriz---
128307513871783 3753137541393 0 0 0 0 0 
This is a smart sequence!
matriz---
1 1 1 1 1 1 1 162761473693968 
1 2 4 8 16 32 64 166985863231591 
1 3 9 27 81 243 729 171301228013706 
1 4 16 64 256 1024 4096 175709128701669 
1 5 25 125 625 3125 15625 180211145950828 
1 6 36 216 1296 7776 46656 184808880580563 
1 7 49 343 2401 16807 117649 189503953745046 
fin matriz---
158304393685455 4457080008513 0 0 0 0 0 
This is a smart sequence!
matriz---
1 1 1 1 1 1 1 199192702998504 
1 2 4 8 16 32 64 204189724616703 
1 3 9 27 81 243 729 209290776174658 
1 4 16 64 256 1024 4096 214497583087101 
1 5 25 125 625 3125 15625 219811892143236 
1 6 36 216 1296 7776 46656 225235471682539 
1 7 49 343 2401 16807 117649 230770111771278 
fin matriz---
193929801536375 5262901462129 0 0 0 0 0 
This is a smart sequence!
matriz---
1 1 1 1 1 1 1 242179843560256 
1 2 4 8 16 32 64 248058625625751 
1 3 9 27 81 243 729 254055849329274 
1 4 16 64 256 1024 4096 260173416044053 
1 5 25 125 625 3125 15625 266413249944348 
1 6 36 216 1296 7776 46656 272777298187011 
1 7 49 343 2401 16807 117649 279267531093766 
fin matriz---
235998562304671 6181281255585 0 0 0 0 0 
This is a smart sequence!
matriz---
1 1 1 1 1 1 1 292634549109528 
1 2 4 8 16 32 64 299515392336943 
1 3 9 27 81 243 729 306530536834866 
1 4 16 64 256 1024 4096 313682071508781 
1 5 25 125 625 3125 15625 320972109537844 
1 6 36 216 1296 7776 46656 328402788562203 
1 7 49 343 2401 16807 117649 335976270871038 
fin matriz---
285410928815943 7223620293585 0 0 0 0 0 
This is a smart sequence!
matriz---
1 1 1 1 1 1 1 351560418877296 
1 2 4 8 16 32 64 359575534100679 
1 3 9 27 81 243 729 367742352041578 
1 4 16 64 256 1024 4096 376063161080133 
1 5 25 125 625 3125 15625 384540275388876 
1 6 36 216 1296 7776 46656 393176035125811 
1 7 49 343 2401 16807 117649 401972806628214 
fin matriz---
343158354252143 8402064625153 0 0 0 0 0 
This is a smart sequence!
matriz---
1 1 1 1 1 1 1 420058982342728 
1 2 4 8 16 32 64 429353251880031 
1 3 9 27 81 243 729 438818264225826 
1 4 16 64 256 1024 4096 448456519545949 
1 5 25 125 625 3125 15625 458270545363428 
1 6 36 216 1296 7776 46656 468262896757323 
1 7 49 343 2401 16807 117649 478436156562286 
fin matriz---
410329453306135 9729529036593 0 0 0 0 0 
This is a smart sequence!
matriz---
1 1 1 1 1 1 1 499335872724384 
1 2 4 8 16 32 64 510067635334903 
1 3 9 27 81 243 729 520990919267418 
1 4 16 64 256 1024 4096 532108449153141 
1 5 25 125 625 3125 15625 543422978591356 
1 6 36 216 1296 7776 46656 554937290354019 
1 7 49 343 2401 16807 117649 566654196591078 
fin matriz---
488116152079935 11219720644449 0 0 0 0 0 
This is a smart sequence!
matriz---
1 1 1 1 1 1 1 590707189215096 
1 2 4 8 16 32 64 603049048649871 
1 3 9 27 81 243 729 615605049070354 
1 4 16 64 256 1024 4096 628378152621453 
1 5 25 125 625 3125 15625 641371352073108 
1 6 36 216 1296 7776 46656 654587671030651 
1 7 49 343 2401 16807 117649 668030164145886 
fin matriz---
577820026726631 12887162488465 0 0 0 0 0 
This is a smart sequence!
matriz---
1 1 1 1 1 1 1 695606047960528 
1 2 4 8 16 32 64 709745705105703 
1 3 9 27 81 243 729 724124069727306 
1 4 16 64 256 1024 4096 738744354900901 
1 5 25 125 625 3125 15625 753609806030124 
1 6 36 216 1296 7776 46656 768723701062803 
1 7 49 343 2401 16807 117649 784089350707798 
fin matriz---
680858830835983 14747217124545 0 0 0 0 0 
This is a smart sequence!
matriz---
1 1 1 1 1 1 1 815589321781416 
1 2 4 8 16 32 64 831730430394559 
1 3 9 27 81 243 729 848136868427778 
1 4 16 64 256 1024 4096 864812113672893 
1 5 25 125 625 3125 15625 881759677998916 
1 6 36 216 1296 7776 46656 898983107573931 
1 7 49 343 2401 16807 117649 916485983087694 
fin matriz---
798773211563703 16816110217713 0 0 0 0 0 
This is a smart sequence!
matriz---
1 1 1 1 1 1 1 952344568639488 
1 2 4 8 16 32 64 970707614678871 
1 3 9 27 81 243 729 989364779109946 
1 4 16 64 256 1024 4096 1008319818595029 
1 5 25 125 625 3125 15625 1027576525668828 
1 6 36 216 1296 7776 46656 1047138728966083 
1 7 49 343 2401 16807 117649 1067010293449926 
fin matriz---
933233614504415 19110954135073 0 0 0 0 0 
This is a smart sequence!
matriz---
1 1 1 1 1 1 1 1107697148847064 
1 2 4 8 16 32 64 1128520353393903 
1 3 9 27 81 243 729 1149668746856178 
1 4 16 64 256 1024 4096 1171146379289581 
1 5 25 125 625 3125 15625 1192957338463476 
1 6 36 216 1296 7776 46656 1215105750094299 
1 7 49 343 2401 16807 117649 1237595778079678 
fin matriz---
1086047377308295 21649771538769 0 0 0 0 0 
This is a smart sequence!
matriz---
1 1 1 1 1 1 1 1283617531020336 
1 2 4 8 16 32 64 1307157776793991 
1 3 9 27 81 243 729 1331056681032234 
1 4 16 64 256 1024 4096 1355318602075653 
1 5 25 125 625 3125 15625 1379947937865868 
1 6 36 216 1296 7776 46656 1404949126184691 
1 7 49 343 2401 16807 117649 1430326644894006 
fin matriz---
1259166012041391 24451518978945 0 0 0 0 0 
This is a smart sequence!
matriz---
1 1 1 1 1 1 1 1482228786776328 
1 2 4 8 16 32 64 1508762568242463 
1 3 9 27 81 243 729 1535690997170146 
1 4 16 64 256 1024 4096 1563018755445021 
1 5 25 125 625 3125 15625 1590750566487204 
1 6 36 216 1296 7776 46656 1618891195496203 
1 7 49 343 2401 16807 117649 1647445449696558 
fin matriz---
1454692676289623 27536110486705 0 0 0 0 0 
This is a smart sequence!
matriz---
1 1 1 1 1 1 1 1705814274173536 
1 2 4 8 16 32 64 1735638671245239 
1 3 9 27 81 243 729 1765896347594778 
1 4 16 64 256 1024 4096 1796592324281653 
1 5 25 125 625 3125 15625 1827731665879356 
1 6 36 216 1296 7776 46656 1859319480726051 
1 7 49 343 2401 16807 117649 1891360921175974 
fin matriz---
1674889833006463 30924441167073 0 0 0 0 0 
This is a smart sequence!
matriz---
1 1 1 1 1 1 1 1956825509896248 
1 2 4 8 16 32 64 1990259185228111 
1 3 9 27 81 243 729 2024167540794066 
1 4 16 64 256 1024 4096 2058555952824909 
1 5 25 125 625 3125 15625 2093429843091028 
1 6 36 216 1296 7776 46656 2128794679158843 
1 7 49 343 2401 16807 117649 2164655974647966 
fin matriz---
1922187099104295 34638410791953 0 0 0 0 0 
This is a smart sequence!
matriz---
1 1 1 1 1 1 1 2237890230182544 
1 2 4 8 16 32 64 2275274450057703 
1 3 9 27 81 243 729 2313177649532938 
1 4 16 64 256 1024 4096 2351605576376421 
1 5 25 125 625 3125 15625 2390564025967596 
1 6 36 216 1296 7776 46656 2430058841559379 
1 7 49 343 2401 16807 117649 2470095914541078 
fin matriz---
2199189282789455 38700947393089 0 0 0 0 0 
This is a smart sequence!
